3445 3391 3484 3409 3478 3422 3437 3402 large-vehicle 0
3185 4158 3195 4161 3175 4204 3164 4199 large-vehicle 0
2870 4250 2916 4268 2912 4283 2866 4263 large-vehicle 0
630 1674 628 1666 640 1654 644 1666 small-vehicle 0
636 1713 633 1706 646 1698 650 1706 small-vehicle 0
717 76 726 78 722 95 714 90 small-vehicle 0
737 82 744 84 739 101 731 98 small-vehicle 0
658 242 648 237 657 222 667 225 small-vehicle 1
735 122 754 129 750 136 733 128 small-vehicle 0
773 137 788 144 784 151 770 144 small-vehicle 0
809 153 827 161 823 168 806 160 small-vehicle 0
696 122 705 124 697 141 691 137 small-vehicle 0
707 126 714 130 706 145 700 141 small-vehicle 0
711 140 718 141 712 157 706 154 small-vehicle 1
924 113 926 106 945 115 942 122 small-vehicle 0
924 113 926 106 945 115 942 122 ship 0