imagesource:GoogleEarth
gsd:0.113876569731
78 310 68 325 53 311 53 295 small-vehicle 1
1342 807 1360 796 1419 890 1398 903 large-vehicle 0
1011 806 1030 796 1090 892 1067 902 large-vehicle 0
1077 811 1096 802 1157 894 1135 907 large-vehicle 0
1169 805 1191 794 1253 885 1225 897 large-vehicle 0
1209 812 1231 799 1290 891 1265 904 large-vehicle 0
1280 816 1300 805 1360 896 1334 909 large-vehicle 0
1308 811 1331 799 1390 892 1367 903 large-vehicle 0
1373 806 1391 794 1452 889 1431 901 large-vehicle 0
908 806 925 794 993 886 969 899 large-vehicle 0
1411 815 1429 800 1489 895 1468 907 large-vehicle 0
1440 810 1460 797 1519 888 1498 901 large-vehicle 0
1475 810 1492 800 1553 891 1533 903 large-vehicle 0
1510 811 1524 798 1589 895 1566 903 large-vehicle 0
1542 814 1563 800 1621 891 1601 907 large-vehicle 0
1575 811 1593 798 1653 892 1632 903 large-vehicle 0
970 806 990 796 1049 883 1026 894 large-vehicle 0
875 805 894 793 956 889 936 899 large-vehicle 0
1436 1108 1413 1094 1448 1043 1469 1056 large-vehicle 0
536 799 554 789 614 880 593 892 large-vehicle 0
2020 781 1999 792 1943 709 1965 693 large-vehicle 0
2054 780 2031 795 1976 708 2001 693 large-vehicle 0
2089 782 2068 796 2013 713 2037 698 large-vehicle 0
2119 779 2097 791 2043 707 2064 690 large-vehicle 0
468 800 487 787 546 879 524 891 large-vehicle 0
502 801 520 788 581 882 558 893 large-vehicle 0
502 801 520 788 581 882 558 893 ship 0
