0 1.3521093000958773 0.9556120453656628 0.06471716203259827 0.04575674618693781
0 1.6589165867689357 1.332225263981228 0.022531160115052733 0.012123582323034806
0 1.524209012464046 1.6351192804067265 0.01486097794822627 0.01798983183418068
0 1.3859060402684562 1.668556902620258 0.023969319271332692 0.012905748924520921
0 0.30488974113135187 0.650762612436449 0.007670182166826462 0.007821666014861166
0 0.30752636625119845 0.6669925694172858 0.008149568552253116 0.0058662495111458735
0 0.3451581975071908 0.03343762221353148 0.005752636625119847 0.0074305827141181065
0 0.3535474592521572 0.035784122017989826 0.0062320230105465 0.0074305827141181065
0 0.3151965484180249 0.09073132577238952 0.009108341323106423 0.007821666014861166
0 0.35642377756471716 0.05044974579585451 0.010067114093959731 0.005475166210402815
0 0.37344199424736335 0.05631599530700039 0.00862895493767977 0.005475166210402815
0 0.39141898370086287 0.06276886976926085 0.010067114093959731 0.0058662495111458735
0 0.3346116970278044 0.05142745404771216 0.006711409395973154 0.0074305827141181065
0 0.33892617449664425 0.052991787250684395 0.006711409395973154 0.0074305827141181065
0 0.34132310642377756 0.05807587016034415 0.005752636625119847 0.00664841611263199
0 0.44798657718120805 0.04458349628470864 0.010067114093959731 0.006257332811888932
0 0.4530201342281879 0.03754399687133359 0.009587727708533077 0.006257332811888932
0 0.41059443911792903 0.11439186546734453 0.0071907957813998075 0.008212749315604223
0 0.30608820709491846 0.11732499022291748 0.0071907957813998075 0.007821666014861166
0 0.2943432406519655 0.13003519749706688 0.006711409395973154 0.00664841611263199
0 0.3017737296260786 0.11536957371920219 0.0062320230105465 0.006257332811888932
0 0.3789549376797699 0.14000782166601486 0.0052732502396931925 0.007039499413375049
0 0.3830297219558964 0.14157215486898708 0.005752636625119847 0.006257332811888932
0 0.39477468839884944 0.14411419632381697 0.0062320230105465 0.0058662495111458735
0 0.43000958772770853 0.4026202581149785 0.005752636625119847 0.00664841611263199
0 1.6109779482262703 1.4251075479077042 0.019654841802492808 0.01095033242080563
0 1.330776605944391 0.8805240516229956 0.012464046021093 0.00899491591709034
0 0.4546979865771812 0.4211967149002737 0.0062320230105465 0.007039499413375049
0 1.7056567593480345 0.4773171685569026 0.007670182166826462 0.009777082518576456
0 0.37080536912751677 1.6673836527180288 0.08676893576222434 0.0637465780211185
0 0.425215723873442 1.5637465780211184 0.08533077660594439 0.06531091122409073
0 0.486816874400767 1.5 0.08676893576222434 0.07313257723895189
0 0.7547938638542665 1.5874071177160733 0.06279961649089165 0.05631599530700039
0 0.6860019175455416 1.7880328509972623 0.07382550335570469 0.06022682831443097
0 1.0884467881112176 1.3206883066093078 0.08964525407478427 0.06413766132186155
0 1.4374400767018216 0.8854125928822839 0.08964525407478427 0.06726632772780602
0 1.5546500479386385 0.7368009385999217 0.08437200383509108 0.06257332811888933
0 1.5810162991371044 0.6840046929996089 0.0862895493767977 0.06491982792334768
0 1.2150047938638542 0.6646460696128275 0.06663470757430488 0.0645287446226046
0 1.3705656759348033 0.4382088384825968 0.07382550335570469 0.059835745013687915
0 1.4220997123681687 0.32909659757528353 0.07334611697027804 0.059053578412201796
0 0.9695589645254075 0.4773171685569026 0.08676893576222434 0.0645287446226046
0 1.4156279961649088 1.6310129057489244 0.08341323106423777 0.062182244818146264
0 1.5230105465004793 1.4855299178725068 0.05465004793863854 0.039499413375048885
0 1.5767018216682644 1.3820883848259677 0.05560882070949185 0.03989049667579194
0 1.6294343240651965 1.2788423934298006 0.05656759348034515 0.050058662495111456
0 1.3077660594439118 1.5009777082518576 0.08820709491850431 0.06413766132186155
0 1.7193192713326941 0.49804458349628467 0.020613614573346116 0.00899491591709034
0 1.7243528283796739 0.4822057098161908 0.011505273250239693 0.01329683222526398
0 1.7171620325982742 0.4792725850606179 0.011505273250239693 0.013687915526007038
0 1.6917545541706616 0.47712162690653104 0.007670182166826462 0.012514665623777864
0 1.697986577181208 0.4790770434102464 0.007670182166826462 0.011732499022291747
0 0.44007670182166825 0.41044192412983965 0.00862895493767977 0.0074305827141181065
0 0.449424736337488 0.41904575674618694 0.0052732502396931925 0.00664841611263199
0 1.6984659635666346 1.084278451310129 0.07861936720997123 0.0645287446226046
0 0.7190795781399808 0.7436448963629253 0.005752636625119847 0.0074305827141181065
0 0.714046021093001 0.8472819710598357 0.0071907957813998075 0.0074305827141181065
0 0.7027804410354745 0.7682831443097379 0.005752636625119847 0.0058662495111458735
0 0.699424736337488 0.7199843566679702 0.005752636625119847 0.005475166210402815
0 0.7164429530201342 0.8228392647633945 0.0062320230105465 0.007821666014861166
0 0.7032598274209012 0.8361360969886585 0.004793863854266538 0.005475166210402815
0 0.5057526366251198 1.182635901447008 0.00862895493767977 0.007821666014861166
0 0.26246404602109297 1.35295267892061 0.009108341323106423 0.0058662495111458735
0 0.4165867689357622 1.4773171685569024 0.009587727708533077 0.0074305827141181065
0 0.42138063279002874 1.4736018771998434 0.009587727708533077 0.007039499413375049
0 0.4247363374880153 1.4702776691435275 0.009587727708533077 0.00664841611263199
0 0.4664429530201342 1.4444661712944857 0.00862895493767977 0.009777082518576456
0 0.47219558964525404 1.4421196714900273 0.010546500479386385 0.010559249120062572
0 0.4832214765100671 1.4382088384825966 0.009587727708533077 0.009777082518576456
0 0.5393096836049855 1.4258897145091904 0.005752636625119847 0.01095033242080563
0 0.763902205177373 1.5021509581540868 0.010067114093959731 0.010168165819319515
0 1.0838926174496644 1.1691435275713726 0.011505273250239693 0.0058662495111458735
0 1.085091083413231 1.164450527962456 0.013902205177372963 0.0074305827141181065
0 1.0874880153403643 1.1599530700039107 0.01486097794822627 0.007821666014861166
0 1.008149568552253 1.442706296441142 0.01725790987535954 0.004692999608916699
0 1.0086289549376797 1.5 0.004793863854266538 0.00899491591709034
0 0.5119846596356663 0.5862338678138443 0.006711409395973154 0.007821666014861166
0 0.5299616490891659 0.5969886585842784 0.0071907957813998075 0.0074305827141181065
0 0.5268456375838926 0.5836918263590144 0.005752636625119847 0.008212749315604223
0 0.710450623202301 0.7696519358623386 0.003835091083413231 0.005475166210402815
0 0.7205177372962608 0.7788423934298006 0.004793863854266538 0.00664841611263199
0 0.6867209971236816 0.7512710207274149 0.0062320230105465 0.01095033242080563
0 0.7197986577181208 0.768674227610481 0.0052732502396931925 0.0058662495111458735
0 0.30129434324065196 0.6583887368009386 0.008149568552253116 0.00664841611263199
0 0.20757430488974113 0.7227219397731717 0.00862895493767977 0.005475166210402815
0 0.23250239693192712 0.7211576065701994 0.010546500479386385 0.006257332811888932
0 0.18720038350910834 0.7348455220962065 0.0071907957813998075 0.003910833007430583
0 0.1958293384467881 0.7323034806413765 0.009108341323106423 0.005084082909659757
0 0.15268456375838926 0.6126319906140008 0.008149568552253116 0.0074305827141181065
0 0.16514860977948226 0.6157606570199452 0.0062320230105465 0.0074305827141181065
0 0.025167785234899327 0.7211576065701994 0.010067114093959731 0.005475166210402815
0 0.05632790028763183 0.7086429409464216 0.01102588686481304 0.003910833007430583
0 0.1342281879194631 0.654477903793508 0.006711409395973154 0.00664841611263199
0 0.597555129434324 1.0555338287055143 0.0071907957813998075 0.007821666014861166
0 0.5146212847555129 1.1660148611654282 0.008149568552253116 0.0074305827141181065
0 0.5393096836049855 1.1746186937817755 0.007670182166826462 0.0074305827141181065
0 0.5237296260786194 1.1755964020336331 0.009108341323106423 0.008603832616347281
0 0.48537871524448706 1.2021900664841612 0.009108341323106423 0.007821666014861166
0 0.3801534036433365 1.2434493547125538 0.009587727708533077 0.0058662495111458735
0 0.44103547459252157 1.2293703558858036 0.009587727708533077 0.0058662495111458735
0 0.09419942473633748 1.060226828314431 0.0062320230105465 0.010168165819319515
0 0.11001917545541706 1.024051622995698 0.004314477468839885 0.0074305827141181065
0 0.10786193672099711 1.041063746578021 0.004793863854266538 0.007821666014861166
0 0.6900767018216682 0.7626124364489636 0.0052732502396931925 0.007039499413375049
0 0.5568072866730585 0.6939773171685568 0.008149568552253116 0.00664841611263199
0 0.7195589645254075 0.812280015643332 0.005752636625119847 0.007039499413375049
0 0.3461169702780441 1.722135314822057 0.087248322147651 0.0637465780211185
0 0.3674496644295302 1.1967149002737583 0.03787152444870565 0.012514665623777864
0 0.28811121764141895 1.205514274540477 0.19558964525407477 0.009777082518576456
0 0.33700862895493766 1.014470082127493 0.031639501438159155 0.010168165819319515
0 0.48729626078619365 0.6497849041845912 0.050335570469798654 0.016816581931951506
0 0.49616490891658677 0.6347281971059835 0.032598274209012464 0.011732499022291747
0 0.47674976030680727 0.34689088775909266 0.01102588686481304 0.01798983183418068
0 0.23609779482262702 1.531091122409073 0.17305848513902206 0.025029331247555728
0 0.2526366251198466 1.4487680876026592 0.1610738255033557 0.015252248728979272
0 0.29745925215723873 1.1351192804067265 0.19606903163950143 0.010559249120062572
0 0.3660115052732502 1.2156824403597966 0.05321188878235858 0.012123582323034806
0 0.28619367209971236 1.0209229565897535 0.15340364333652923 0.014470082127493155
0 0.3434803451581975 0.8730934689088775 0.22195589645254074 0.01134141572154869
0 0.3825503355704698 0.7588971450919045 0.1965484180249281 0.059835745013687915
0 0.3945349952061361 0.7178333985138834 0.1965484180249281 0.04653891278842393
0 0.4146692233940556 0.6255377395385217 0.186960690316395 0.04653891278842393
0 0.4424736337488015 0.5109503324208056 0.13518696069031638 0.025420414548298787
0 0.3207094918504314 1.195541650371529 0.03451581975071908 0.01095033242080563
0 0.3151965484180249 1.4593273367227217 0.02732502396931927 0.009777082518576456
0 0.30129434324065196 1.527375831052014 0.04650047938638542 0.01134141572154869
0 0.2936241610738255 1.5490809542432538 0.055129434324065196 0.021118498240125145
0 0.2190795781399808 1.6010950332420804 0.13902205177372962 0.012514665623777864
0 0.2751677852348993 1.6128275322643721 0.04410354745925216 0.01564333202972233
0 0.22579098753595397 1.6632772780602267 0.17833173537871524 0.010168165819319515
0 0.22674976030680727 1.6699256941728586 0.020134228187919462 0.007821666014861166
0 0.2840364333652924 1.6765741102854907 0.06759348034515819 0.01798983183418068
0 0.20062320230105463 1.742862729761439 0.1826462128475551 0.014470082127493155
0 0.27468839884947266 1.7551818537348454 0.031639501438159155 0.011732499022291747
0 0.3722435282837967 1.7418850215095814 0.02732502396931927 0.03128666405944466
0 0.21644295302013422 1.9358623386781384 0.1318312559923298 0.008603832616347281
0 0.27013422818791943 1.927258506061791 0.025407478427612654 0.009385999217833398
0 0.21836049856184084 2.0944466171294485 0.1433365292425695 0.0308955807587016
0 0.2708533077660594 2.0770434102463824 0.023010546500479387 0.01095033242080563
0 0.27253116011505274 1.2547907704341024 0.16347075743048897 0.016034415330465387
0 0.42569511025886864 0.3586233867813844 0.1255992329817833 0.007821666014861166
0 0.031399808245445825 0.12123582323034805 0.011984659635666346 0.011732499022291747
0 0.6617929050814957 0.332225263981228 0.036912751677852344 0.041845913179507234
0 0.5035953978906998 0.3320297223308564 0.03787152444870565 0.04145482987876417
0 0.5354745925215724 0.33418068048494326 0.03835091083413231 0.041063746578021115
0 0.5805369127516778 0.33066093077825576 0.040268456375838924 0.040281579976535
0 0.598993288590604 0.3330074305827141 0.03883029721955896 0.041063746578021115
0 0.6327900287631831 0.3351583887368009 0.03835091083413231 0.04067266327727806
0 0.6466922339405561 0.3328118889323426 0.039309683604985615 0.04067266327727806
0 0.6771332694151486 0.33144309737974187 0.03787152444870565 0.041845913179507234
0 0.4556567593480345 0.3310520140789988 0.04074784276126558 0.041063746578021115
0 0.6951102588686481 0.3337895971842002 0.037392138063279 0.041845913179507234
0 0.7092521572387344 0.3320297223308564 0.03787152444870565 0.04067266327727806
0 0.725790987535954 0.3330074305827141 0.037392138063279 0.040281579976535
0 0.7428092042186002 0.33261634728197104 0.03787152444870565 0.041063746578021115
0 0.7581495685522531 0.3337895971842002 0.03787152444870565 0.041845913179507234
0 0.7737296260786193 0.33261634728197104 0.037392138063279 0.041063746578021115
0 0.4839405560882071 0.3304653891278842 0.03787152444870565 0.03832616347281971
0 0.4388782358581016 0.33085647242862726 0.03883029721955896 0.04145482987876417
0 0.6907957813998082 0.42061008994915916 0.026845637583892617 0.025420414548298787
0 0.275647171620326 0.3287055142745405 0.037392138063279 0.040281579976535
0 0.9499041227229146 0.2903793508017207 0.036912751677852344 0.038717246773562766
0 0.9659635666347075 0.29096597575283534 0.037392138063279 0.03989049667579194
0 0.9832214765100671 0.2921392256550645 0.03643336529242569 0.03832616347281971
0 0.9976030680728667 0.2895971842002346 0.03643336529242569 0.039499413375048885
0 0.2430488974113135 0.32811888932342587 0.037392138063279 0.04067266327727806
0 0.25958772770853306 0.3287055142745405 0.03787152444870565 0.041063746578021115
0 0.2938638542665388 0.33163863903011337 0.037392138063279 0.04067266327727806
0 0.42209971236816873 0.3312475557293703 0.03883029721955896 0.04223699648025029
0 0.30896452540747843 0.3296832225263981 0.03787152444870565 0.04145482987876417
0 0.3267018216682646 0.33066093077825576 0.03883029721955896 0.039499413375048885
0 0.3573825503355704 0.3304653891278842 0.03883029721955896 0.04067266327727806
0 0.3736816874400767 0.33085647242862726 0.03787152444870565 0.04145482987876417
0 0.38854266538830295 0.328901055924912 0.036912751677852344 0.04067266327727806
0 0.40436241610738255 0.32987876417676965 0.03787152444870565 0.041063746578021115
0 0.7900287631831255 0.33320297223308565 0.040268456375838924 0.04067266327727806
0 0.824065196548418 0.3351583887368009 0.039309683604985615 0.04301916308173641
0 0.8569031639501438 0.3363316386390301 0.03787152444870565 0.03989049667579194
0 0.4638063279002876 0.4210011732499022 0.026366251198465963 0.02463824794681267
0 0.24161073825503354 0.41748142354321466 0.024928092042186 0.02463824794681267
0 0.25814956855225313 0.41669925694172855 0.025407478427612654 0.02463824794681267
0 0.37152444870565676 0.4155260070394994 0.026845637583892617 0.02463824794681267
0 0.27396931927133267 0.4170903402424716 0.02732502396931927 0.02463824794681267
0 0.41634707574304886 0.4204145482987876 0.024448705656759346 0.024247164646069613
0 0.4326462128475551 0.4204145482987876 0.024448705656759346 0.023464998044583494
0 0.48082454458293383 0.42080563159953066 0.026845637583892617 0.025811497849041843
0 0.8391658676893575 0.33496284708642937 0.03787152444870565 0.040281579976535
0 0.5306807286673059 0.4186546734454438 0.027804410354745925 0.025420414548298787
0 0.5472195589645253 0.41924129839655844 0.025407478427612654 0.025029331247555728
0 0.5613614573346116 0.42002346499804455 0.024928092042186 0.024247164646069613
0 0.5776605944391179 0.42061008994915916 0.02588686481303931 0.02463824794681267
0 0.5961169702780441 0.41806804849432927 0.026366251198465963 0.024247164646069613
0 0.62607861936721 0.4221744231521314 0.02588686481303931 0.02463824794681267
0 0.22579098753595397 0.41591709034024243 0.024928092042186 0.025420414548298787
0 0.2066155321188878 0.41924129839655844 0.02588686481303931 0.025029331247555728
0 0.19319271332694152 0.4168947985921001 0.02588686481303931 0.025029331247555728
0 0.17809204218600191 0.41591709034024243 0.025407478427612654 0.025420414548298787
0 0.16155321188878236 0.41591709034024243 0.026845637583892617 0.025420414548298787
0 0.14357622243528284 0.41826359014470077 0.02732502396931927 0.025420414548298787
0 0.1263183125599233 0.41806804849432927 0.026366251198465963 0.025029331247555728
0 0.11049856184084371 0.4163081736409855 0.025407478427612654 0.023856081345326553
0 0.9995206136145733 0.3351583887368009 0.037392138063279 0.04067266327727806
0 0.9834611697027804 0.33418068048494326 0.036912751677852344 0.039499413375048885
0 0.9671620325982742 0.3335940555338287 0.03787152444870565 0.03989049667579194
0 0.9506232023010546 0.3337895971842002 0.03835091083413231 0.041063746578021115
0 0.9350431447746883 0.33418068048494326 0.03787152444870565 0.039499413375048885
0 0.9199424736337487 0.3353539303871724 0.037392138063279 0.041063746578021115
0 0.9017257909875359 0.33339851388345715 0.03643336529242569 0.039499413375048885
0 0.8909395973154361 0.3396558466953461 0.03787152444870565 0.041845913179507234
0 0.8700862895493767 0.3328118889323426 0.037392138063279 0.04067266327727806
0 0.9314477468839885 0.28744622604614783 0.03643336529242569 0.03832616347281971
0 0.9173058485139022 0.2905748924520923 0.036912751677852344 0.03910833007430582
0 0.9022051773729626 0.291943684004693 0.03643336529242569 0.03793508017207665
0 0.7380153403643336 0.18967540086038326 0.03787152444870565 0.03832616347281971
0 0.5728667305848514 0.17618302698474775 0.03835091083413231 0.040281579976535
0 0.5870086289549377 0.17852952678920608 0.03787152444870565 0.039499413375048885
0 0.600431447746884 0.1804849432929214 0.036912751677852344 0.039499413375048885
0 0.6150527325023969 0.1834180680484943 0.037392138063279 0.03910833007430582
0 0.6462128475551294 0.1834180680484943 0.03835091083413231 0.03910833007430582
0 0.677372962607862 0.18420023464998042 0.03835091083413231 0.03910833007430582
0 0.8022531160115053 0.19006648416112631 0.03787152444870565 0.03910833007430582
0 0.9846596356663471 0.20453656628861946 0.039309683604985615 0.04145482987876417
0 0.8178331735378714 0.19299960891669923 0.037392138063279 0.040281579976535
0 0.8470757430488973 0.19456394211967148 0.039309683604985615 0.038717246773562766
0 0.8794343240651965 0.1953461087211576 0.03787152444870565 0.041063746578021115
0 0.909875359539789 0.19769260852561593 0.039309683604985615 0.041845913179507234
0 0.9415148609779481 0.1986703167774736 0.040268456375838924 0.04067266327727806
0 0.957574304889741 0.19827923347673054 0.03787152444870565 0.04145482987876417
0 0.5273250239693192 0.17344544387954633 0.039309683604985615 0.040281579976535
0 0.49520613614573344 0.17285881892843175 0.03643336529242569 0.03989049667579194
0 0.4781879194630872 0.17422761048103244 0.035953978906999036 0.041063746578021115
0 0.462607861936721 0.17364098552991786 0.03643336529242569 0.03910833007430582
0 0.4470278044103547 0.17344544387954633 0.034995206136145734 0.039499413375048885
0 0.4290508149568552 0.17598748533437622 0.037392138063279 0.04067266327727806
0 0.4058005752636625 0.18361360969886584 0.034995206136145734 0.038717246773562766
0 0.39765100671140935 0.17364098552991786 0.03883029721955896 0.04145482987876417
0 0.38135186960690315 0.17305436057880327 0.036912751677852344 0.040281579976535
0 0.3664908916586769 0.17305436057880327 0.036912751677852344 0.041063746578021115
0 0.3322147651006711 0.1757919436840047 0.037392138063279 0.041063746578021115
0 0.31831255992329816 0.17227219397731716 0.037392138063279 0.040281579976535
0 0.30105465004793863 0.17168556902620258 0.03643336529242569 0.03989049667579194
0 0.2842761265580057 0.17305436057880327 0.03643336529242569 0.041063746578021115
0 0.2679769894534995 0.1732499022291748 0.037392138063279 0.04145482987876417
0 0.2528763183125599 0.17266327727806022 0.036912751677852344 0.041063746578021115
0 0.23921380632790026 0.1699256941728588 0.03451581975071908 0.03793508017207665
0 0.975071907957814 0.19691044192412982 0.03547459252157239 0.03793508017207665
0 1.0011984659635667 0.204732107938991 0.03883029721955896 0.041845913179507234
0 0.886385426653883 0.291943684004693 0.03643336529242569 0.038717246773562766
0 0.5973154362416107 0.2894016425498631 0.03643336529242569 0.03910833007430582
0 0.4839405560882071 0.2872506843957763 0.03883029721955896 0.041063746578021115
0 0.5134228187919463 0.28412201798983183 0.039309683604985615 0.041845913179507234
0 0.5316395014381591 0.2872506843957763 0.03835091083413231 0.041845913179507234
0 0.5465004793863854 0.285295267892061 0.039309683604985615 0.041063746578021115
0 0.5627996164908916 0.28646851779429017 0.040268456375838924 0.042628079780993346
0 0.5817353787152445 0.28920610089949156 0.035953978906999036 0.038717246773562766
0 0.6440556088207094 0.2880328509972624 0.036912751677852344 0.038717246773562766
0 1.033077660594439 0.20492764958936252 0.039309683604985615 0.04380132968322252
0 0.7092521572387344 0.2901838091513492 0.034036433365292426 0.03519749706687524
0 0.7737296260786193 0.2907704341024638 0.032598274209012464 0.0355885803676183
0 0.8219079578139981 0.2907704341024638 0.036912751677852344 0.040281579976535
0 0.8401246404602108 0.2931169339069222 0.036912751677852344 0.039499413375048885
0 0.8549856184084371 0.29174814235432145 0.035953978906999036 0.03910833007430582
0 0.87176414189837 0.29233476730543606 0.034995206136145734 0.037152913570590536
0 0.4700383509108341 0.28998826750097767 0.03787152444870565 0.041845913179507234
0 0.4532598274209012 0.2880328509972624 0.03883029721955896 0.041845913179507234
0 0.436960690316395 0.288619475948377 0.03978906999041227 0.04145482987876417
0 0.40436241610738255 0.28666405944466167 0.03787152444870565 0.04145482987876417
0 0.38854266538830295 0.2872506843957763 0.03883029721955896 0.041845913179507234
0 0.37272291466922336 0.28764176769651933 0.03787152444870565 0.040281579976535
0 0.3566634707574305 0.288619475948377 0.03835091083413231 0.03989049667579194
0 0.34036433365292423 0.28764176769651933 0.03835091083413231 0.039499413375048885
0 0.3250239693192713 0.28764176769651933 0.03835091083413231 0.041063746578021115
0 0.3070469798657718 0.2860774344935471 0.03978906999041227 0.041845913179507234
0 0.27540747842761265 0.28568635119280406 0.03883029721955896 0.041845913179507234
0 0.2591083413231064 0.28568635119280406 0.03978906999041227 0.041063746578021115
0 0.24328859060402683 0.28568635119280406 0.03978906999041227 0.041845913179507234
0 1.0965963566634707 0.20766523269456394 0.036912751677852344 0.04067266327727806
0 1.0788590604026844 0.20922956589753616 0.03787152444870565 0.04223699648025029
0 1.0656759348034515 0.204732107938991 0.037392138063279 0.041845913179507234
0 1.0486577181208052 0.20629644114196322 0.03883029721955896 0.043410246382479464
0 0.673058485139022 0.4223699648025029 0.026845637583892617 0.024247164646069613
0 0.7073346116970277 0.4221744231521314 0.025407478427612654 0.02463824794681267
0 0.029242569511025884 0.13101290574892452 0.011505273250239693 0.01095033242080563
0 0.62535953978907 0.6351192804067266 0.011984659635666346 0.018771998435666796
0 0.4825023969319271 0.5596402033633163 0.010067114093959731 0.017207665232694562
0 0.5050335570469798 0.5817364098552992 0.012943432406519654 0.019163081736409855
0 0.5510546500479386 0.5803676183026985 0.010067114093959731 0.01798983183418068
0 0.5627996164908916 0.5608134532655455 0.009587727708533077 0.016425498631208447
0 0.6325503355704698 0.5627688697692608 0.010067114093959731 0.017207665232694562
0 0.4724352828379674 0.6953461087211575 0.01102588686481304 0.018771998435666796
0 0.534515819750719 0.7526398122800156 0.011505273250239693 0.025420414548298787
0 0.3998082454458293 0.5819319515056707 0.00862895493767977 0.016425498631208447
0 0.5625599232981783 0.7518576456785295 0.012943432406519654 0.02463824794681267
0 0.5774209012464045 0.7522487289792725 0.011984659635666346 0.02463824794681267
0 0.6121764141898369 0.7571372702385608 0.010546500479386385 0.016425498631208447
0 1.096836049856184 0.034219788815017596 0.019175455417066153 0.015252248728979272
0 1.1193672099712368 0.23504106374657802 0.04314477468839885 0.01095033242080563
0 1.1181687440076702 0.24892452092295658 0.042665388302972194 0.00899491591709034
0 0.4654841802492809 0.5821274931560422 0.010546500479386385 0.016816581931951506
0 0.40124640460210925 0.5627688697692608 0.009587727708533077 0.017207665232694562
0 0.724352828379674 0.4210011732499022 0.02588686481303931 0.02463824794681267
0 0.2619846596356663 0.5420414548298788 0.04841802492809204 0.01095033242080563
0 0.17066155321188878 0.03910833007430582 0.02109300095877277 0.008603832616347281
0 0.16706615532118888 0.04927649589362534 0.019654841802492808 0.008603832616347281
0 0.15196548418024927 0.20394994133750488 0.049856184084372 0.00899491591709034
0 0.13326941514860977 0.22663277278060226 0.047938638542665384 0.009777082518576456
0 0.1236816874400767 0.238365271802894 0.047938638542665384 0.00899491591709034
0 0.11457334611697027 0.2491200625733281 0.04889741131351869 0.009385999217833398
0 0.2598274209012464 0.5614000782166602 0.020134228187919462 0.02463824794681267
0 0.3545062320230105 0.5811497849041846 0.008149568552253116 0.018771998435666796
0 0.028283796740172576 0.5703949941337505 0.027804410354745925 0.025420414548298787
0 0.05944391179290508 0.5921001173249902 0.026845637583892617 0.025029331247555728
0 0.08940556088207094 0.6143918654673445 0.029242569511025884 0.024247164646069613
0 0.10139022051773729 0.6224090731325772 0.02732502396931927 0.023856081345326553
0 0.11193672099712368 0.631208447399296 0.02732502396931927 0.025029331247555728
0 0.174496644295302 0.6398122800156433 0.02972195589645254 0.025811497849041843
0 1.1205656759348035 0.2592882283926476 0.041706615532118886 0.008603832616347281
0 1.1208053691275168 0.27043410246382477 0.04410354745925216 0.008212749315604223
0 1.1203259827420902 0.2811888932342589 0.04314477468839885 0.009385999217833398
0 1.1140939597315436 0.7571372702385608 0.024928092042186 0.008603832616347281
0 1.1133748801534036 0.66112631990614 0.04745925215723873 0.01134141572154869
0 1.114333652924257 0.6757919436840046 0.04554170661553212 0.01095033242080563
0 1.110738255033557 0.6892843175596401 0.04410354745925216 0.00899491591709034
0 1.1045062320230106 0.7068830660930778 0.047938638542665384 0.009777082518576456
0 1.109300095877277 0.7205709816190848 0.045062320230105465 0.009777082518576456
0 1.106423777564717 0.7479468126710989 0.05081495685522531 0.012123582323034806
0 1.067593480345158 0.7504888541259288 0.020134228187919462 0.007039499413375049
0 1.1220038350910833 0.29155260070394995 0.041706615532118886 0.010559249120062572
0 1.0448226270373921 0.7618302698474775 0.05321188878235858 0.01095033242080563
0 0.8276605944391179 0.6920219006648416 0.009108341323106423 0.015252248728979272
0 1.016778523489933 0.5866249511145873 0.013422818791946308 0.017207665232694562
0 0.824065196548418 0.5721548689870942 0.00862895493767977 0.014861165428236213
0 0.1450143815915628 0.6646460696128275 0.020613614573346116 0.016034415330465387
0 0.030920421860019174 0.14118107156824403 0.013902205177372963 0.012514665623777864
0 1.1131351869606902 0.6458740711771607 0.049856184084372 0.012905748924520921
0 1.1162511984659635 0.6339460305044974 0.04841802492809204 0.014078998826750098
0 1.1172099712368169 0.6210402815799765 0.04841802492809204 0.01329683222526398
0 1.1188878235858102 0.6095033242080563 0.04889741131351869 0.012905748924520921
0 1.1236816874400766 0.47242862729761437 0.031639501438159155 0.010168165819319515
0 1.12320230105465 0.4491591709034024 0.03835091083413231 0.009777082518576456
0 1.1220038350910833 0.4372311302307391 0.03787152444870565 0.009385999217833398
0 1.12248322147651 0.4254986312084474 0.03883029721955896 0.01095033242080563
0 1.1212847555129433 0.4024247164646069 0.039309683604985615 0.010168165819319515
0 1.1208053691275168 0.3797418850215096 0.040268456375838924 0.008603832616347281
0 1.1205656759348035 0.369182635901447 0.04074784276126558 0.009385999217833398
0 1.1203259827420902 0.35823230348064133 0.040268456375838924 0.009385999217833398
0 1.1193672099712368 0.34747751271020727 0.04122722914669223 0.009777082518576456
0 1.1176893576222435 0.3365271802894016 0.041706615532118886 0.00899491591709034
0 1.1205656759348035 0.3249902229174814 0.041706615532118886 0.009385999217833398
0 1.1203259827420902 0.31443097379741886 0.045062320230105465 0.010168165819319515
0 1.1181687440076702 0.3032850997262417 0.0436241610738255 0.00899491591709034
0 1.0026366251198466 0.45619867031677747 0.02732502396931927 0.025420414548298787
0 0.9870565675934803 0.4544387954634337 0.026845637583892617 0.02659366445052796
0 0.9707574304889741 0.45482987876417674 0.02588686481303931 0.02659366445052796
0 0.20134228187919462 0.4473992960500586 0.024928092042186 0.025811497849041843
0 0.10258868648130393 0.4475948377004302 0.026845637583892617 0.025420414548298787
0 0.11816874400767018 0.44798592100117324 0.026366251198465963 0.026202581149784902
0 0.13111217641418982 0.4532655455612045 0.02732502396931927 0.025811497849041843
0 0.15124640460210928 0.4475948377004302 0.025407478427612654 0.025420414548298787
0 0.1646692233940556 0.45131012905748924 0.025407478427612654 0.025029331247555728
0 0.18384467881112176 0.44876808760265935 0.025407478427612654 0.025420414548298787
0 0.21524448705656757 0.4503324208056316 0.02588686481303931 0.025420414548298787
0 0.3444391179290508 0.45052796245600313 0.024448705656759346 0.025029331247555728
0 0.23178331735378713 0.44974579585451696 0.026366251198465963 0.025029331247555728
0 0.24856184084372002 0.4491591709034024 0.026366251198465963 0.026202581149784902
0 0.26222435282837964 0.45209229565897535 0.02588686481303931 0.02659366445052796
0 0.27660594439117925 0.4536566288619476 0.026845637583892617 0.025811497849041843
0 0.2938638542665388 0.4524833789597184 0.02588686481303931 0.025811497849041843
0 0.31112176414189835 0.45072350410637463 0.02588686481303931 0.02463824794681267
0 0.08125599232981782 0.45404771216269063 0.02732502396931927 0.025811497849041843
0 1.011744966442953 0.4256941728588189 0.025407478427612654 0.023856081345326553
0 0.9961649089165867 0.42334767305436055 0.02588686481303931 0.02463824794681267
0 0.9791466922339405 0.4243253813062182 0.026366251198465963 0.025029331247555728
0 0.9647651006711409 0.42334767305436055 0.024448705656759346 0.02463824794681267
0 0.947986577181208 0.4245209229565897 0.025407478427612654 0.023856081345326553
0 0.9319271332694151 0.42393429800547516 0.02588686481303931 0.024247164646069613
0 0.9161073825503355 0.42334767305436055 0.024928092042186 0.02463824794681267
0 0.898849472674976 0.4245209229565897 0.02588686481303931 0.02463824794681267
0 0.8837488015340363 0.423152131403989 0.026366251198465963 0.025811497849041843
0 0.8669702780441035 0.42510754790770433 0.025407478427612654 0.025029331247555728
0 0.8523489932885906 0.42276104810324594 0.026845637583892617 0.025811497849041843
0 0.8341323106423777 0.4237387563551036 0.026845637583892617 0.025420414548298787
0 0.7857142857142857 0.42412983965584666 0.02588686481303931 0.02463824794681267
0 0.7694151486097794 0.4245209229565897 0.024928092042186 0.02463824794681267
0 0.7535953978906998 0.4235432147047321 0.024928092042186 0.024247164646069613
0 0.7384947267497602 0.4229565897536175 0.026366251198465963 0.02463824794681267
0 0.32837967401725787 0.45013687915526 0.024928092042186 0.025811497849041843
0 0.3604985618408437 0.45052796245600313 0.024928092042186 0.025811497849041843
0 0.9549376797698945 0.45424325381306213 0.024928092042186 0.02463824794681267
0 0.8274209012464045 0.4526789206100899 0.02588686481303931 0.02463824794681267
0 0.713326941514861 0.4526789206100899 0.02588686481303931 0.02463824794681267
0 0.7289069990412272 0.4538521705123191 0.025407478427612654 0.025420414548298787
0 0.7461649089165867 0.4526789206100899 0.025407478427612654 0.025420414548298787
0 0.762464046021093 0.4532655455612045 0.025407478427612654 0.025029331247555728
0 0.7945829338446788 0.4532655455612045 0.026366251198465963 0.025811497849041843
0 0.8080057526366251 0.4569808369182636 0.026366251198465963 0.026202581149784902
0 0.8413231064237775 0.45737192021900663 0.026845637583892617 0.02463824794681267
0 0.3758389261744966 0.45072350410637463 0.023969319271332692 0.02463824794681267
0 0.8583413231064237 0.4558075870160344 0.026366251198465963 0.025420414548298787
0 0.8736816874400767 0.45482987876417674 0.026366251198465963 0.025811497849041843
0 0.8904602109300095 0.4546343371138052 0.025407478427612654 0.025420414548298787
0 0.9072387344199424 0.45424325381306213 0.026366251198465963 0.02463824794681267
0 0.9211409395973154 0.4552209620649198 0.025407478427612654 0.025029331247555728
0 0.9379194630872483 0.45541650371529135 0.025407478427612654 0.02463824794681267
0 0.697267497603068 0.4536566288619476 0.026366251198465963 0.025811497849041843
0 0.6819271332694151 0.4518967540086038 0.025407478427612654 0.025420414548298787
0 0.6653883029721955 0.4536566288619476 0.024928092042186 0.025029331247555728
0 0.6481303930968361 0.4544387954634337 0.026845637583892617 0.025029331247555728
0 0.6318312559923298 0.45404771216269063 0.024928092042186 0.025029331247555728
0 0.6164908916586769 0.45287446226046146 0.024928092042186 0.025029331247555728
0 0.5999520613614573 0.45307000391083296 0.025407478427612654 0.025420414548298787
0 0.582933844678811 0.4546343371138052 0.026845637583892617 0.026202581149784902
0 0.5668744007670182 0.45287446226046146 0.025407478427612654 0.025029331247555728
0 0.551294343240652 0.4526789206100899 0.02588686481303931 0.025420414548298787
0 0.5361936720997124 0.45150567070786074 0.026366251198465963 0.025420414548298787
0 0.5045541706615532 0.4517012123582323 0.025407478427612654 0.024247164646069613
0 0.4877756471716203 0.4526789206100899 0.025407478427612654 0.02463824794681267
0 0.47291466922339404 0.45052796245600313 0.025407478427612654 0.025029331247555728
0 0.45637583892617445 0.4517012123582323 0.02588686481303931 0.024247164646069613
0 0.4403163950143816 0.4491591709034024 0.024448705656759346 0.025420414548298787
0 0.3895014381591563 0.453461087211576 0.026366251198465963 0.02463824794681267
0 0.22099712368168742 0.17207665232694563 0.03835091083413231 0.04067266327727806
