0 2.2527955271565494 0.42319016279875304 0.10782747603833866 0.020263249047454104
0 2.7639776357827475 0.5899722895739522 0.037539936102236424 0.005368895046761344
0 2.5395367412140573 0.7241080706615864 0.02476038338658147 0.00796674748874264
0 2.309105431309904 0.7389158295808799 0.039936102236421724 0.00571527537235885
0 0.5079872204472843 0.28818843089712504 0.012779552715654952 0.0034638032559750607
0 0.5123801916932907 0.2953758226532733 0.013578274760383386 0.0025978524419812956
0 0.5750798722044728 0.014807758919293385 0.009584664536741214 0.0032906130931763078
0 0.5890575079872205 0.0158468998960859 0.010383386581469648 0.0032906130931763078
0 0.5251597444089456 0.04018011776931071 0.015175718849840255 0.0034638032559750607
0 0.5938498402555911 0.022341531001039142 0.016773162939297124 0.0024246622791825427
0 0.6222044728434505 0.024939383443020435 0.01437699680511182 0.0024246622791825427
0 0.6521565495207667 0.02779702112919986 0.016773162939297124 0.0025978524419812956
0 0.5575079872204473 0.022774506408036025 0.011182108626198083 0.0032906130931763078
0 0.5646964856230031 0.023467267059231037 0.011182108626198083 0.0032906130931763078
0 0.5686900958466453 0.025718739175614826 0.009584664536741214 0.0029442327675788015
0 0.7464057507987221 0.019743678559057846 0.016773162939297124 0.0027710426047800486
0 0.7547923322683706 0.01662625562868029 0.01597444089456869 0.0027710426047800486
0 0.6841054313099041 0.05065812261863526 0.011980830670926517 0.0036369934187738136
0 0.5099840255591054 0.05195704883962591 0.011980830670926517 0.0034638032559750607
0 0.4904153354632588 0.057585729130585385 0.011182108626198083 0.0029442327675788015
0 0.5027955271565495 0.051091098025632144 0.010383386581469648 0.0027710426047800486
0 0.6313897763578274 0.06200207828195359 0.00878594249201278 0.0031174229303775544
0 0.6381789137380192 0.0626948389331486 0.009584664536741214 0.0027710426047800486
0 0.6577476038338658 0.06382057499134049 0.010383386581469648 0.0025978524419812956
0 0.7164536741214057 0.17829927260131626 0.009584664536741214 0.0029442327675788015
0 2.684105431309904 0.631104953238656 0.03274760383386581 0.004849324558365085
0 2.217252396166134 0.3899376515413925 0.020766773162939296 0.00398337374437132
0 0.7575878594249201 0.18652580533425703 0.010383386581469648 0.0031174229303775544
0 2.8418530351437696 0.21137859369587808 0.012779552715654952 0.004329754069968826
0 0.617811501597444 0.7383962590924835 0.14456869009584664 0.028229996536196744
0 0.7084664536741214 0.6925008659508141 0.14217252396166133 0.028922757187391755
0 0.8111022364217252 0.6642708694146172 0.14456869009584664 0.03238656044336682
0 1.2575878594249201 0.7029788708001385 0.10463258785942492 0.024939383443020435
0 1.1429712460063897 0.7918254243158989 0.1230031948881789 0.026671285071007966
0 1.8134984025559104 0.584863179771389 0.14936102236421725 0.028403186698995497
0 2.394968051118211 0.3921025285763769 0.14936102236421725 0.02978870800138552
0 2.590255591054313 0.3262902667128507 0.14057507987220447 0.027710426047800486
0 2.6341853035143767 0.30290959473501905 0.1437699680511182 0.028749567024593005
0 2.024361022364217 0.2943366816764808 0.1110223642172524 0.02857637686179425
0 2.283546325878594 0.19405957741600277 0.1230031948881789 0.026498094908209216
0 2.3694089456869007 0.14573952199515067 0.12220447284345047 0.02615171458261171
0 1.6154153354632588 0.21137859369587808 0.14456869009584664 0.02857637686179425
0 2.358626198083067 0.7222895739521995 0.1389776357827476 0.027537235885001732
0 2.5375399361022364 0.6578628333910634 0.09105431309904152 0.017492206442674057
0 2.626996805111821 0.6120540353307933 0.0926517571884984 0.01766539660547281
0 2.7148562300319488 0.5663318323519224 0.09424920127795527 0.02216834083824039
0 2.1789137380191694 0.6647038448216142 0.14696485623003194 0.028403186698995497
0 2.86461661341853 0.220557672324212 0.034345047923322686 0.00398337374437132
0 2.8730031948881787 0.2135434707308625 0.019169329073482427 0.005888465535157603
0 2.861022364217252 0.21224454450987185 0.019169329073482427 0.006061655697956356
0 2.8186900958466454 0.2112919986144787 0.012779552715654952 0.005542085209560097
0 2.829073482428115 0.21215794942847246 0.012779552715654952 0.005195704883962591
0 0.7332268370607028 0.18176307585729132 0.01437699680511182 0.0032906130931763078
0 0.7488019169329073 0.18557325943886388 0.00878594249201278 0.0029442327675788015
0 2.8298722044728435 0.4801697263595428 0.13099041533546324 0.02857637686179425
0 1.1980830670926517 0.3293210945618289 0.009584664536741214 0.0032906130931763078
0 1.1896964856230032 0.37521648770349847 0.011980830670926517 0.0032906130931763078
0 1.170926517571885 0.3402320748181503 0.009584664536741214 0.0025978524419812956
0 1.1653354632587858 0.31884308971250436 0.009584664536741214 0.0024246622791825427
0 1.1936900958466454 0.3643921025285764 0.010383386581469648 0.0034638032559750607
0 1.1717252396166133 0.370280568063734 0.007987220447284345 0.0024246622791825427
0 0.8426517571884984 0.5237270523034292 0.01437699680511182 0.0034638032559750607
0 0.43730031948881787 0.5991513682022861 0.015175718849840255 0.0025978524419812956
0 0.6940894568690096 0.6542258399722896 0.01597444089456869 0.0032906130931763078
0 0.7020766773162939 0.6525805334257014 0.01597444089456869 0.0031174229303775544
0 0.7076677316293929 0.651108417041912 0.01597444089456869 0.0029442327675788015
0 0.7771565495207667 0.6396778662971944 0.01437699680511182 0.004329754069968826
0 0.786741214057508 0.6386387253204018 0.01757188498402556 0.004676134395566332
0 0.805111821086262 0.6369068236924142 0.01597444089456869 0.004329754069968826
0 0.8985623003194888 0.6314513335642535 0.009584664536741214 0.004849324558365085
0 1.2727635782747604 0.6652234153100104 0.016773162939297124 0.004502944232767579
0 1.8059105431309903 0.5177519916868722 0.019169329073482427 0.0025978524419812956
0 1.8079073482428114 0.5156737097332872 0.0231629392971246 0.0032906130931763078
0 1.8119009584664536 0.5136820228611015 0.02476038338658147 0.0034638032559750607
0 1.6797124600638977 0.6388985105645999 0.02875399361022364 0.0020782819535850364
0 1.680511182108626 0.6642708694146172 0.007987220447284345 0.00398337374437132
0 0.853035143769968 0.2596120540353308 0.011182108626198083 0.0034638032559750607
0 0.8829872204472843 0.2643747835122965 0.011980830670926517 0.0032906130931763078
0 0.8777955271565495 0.2584863179771389 0.009584664536741214 0.0036369934187738136
0 1.18370607028754 0.34083824038794597 0.006389776357827476 0.0024246622791825427
0 1.200479233226837 0.3449082092137167 0.007987220447284345 0.0029442327675788015
0 1.1441693290734825 0.3326983027364046 0.010383386581469648 0.004849324558365085
0 1.1992811501597445 0.3404052649809491 0.00878594249201278 0.0025978524419812956
0 0.5019968051118211 0.29156563907170074 0.013578274760383386 0.0029442327675788015
0 0.3458466453674121 0.3200554208520956 0.01437699680511182 0.0024246622791825427
0 0.38738019169329074 0.3193626602009006 0.01757188498402556 0.0027710426047800486
0 0.31190095846645366 0.32542431589885695 0.011980830670926517 0.0017319016279875303
0 0.3262779552715655 0.32429857984066507 0.015175718849840255 0.0022514721163837893
0 0.2543929712460064 0.2713023900242466 0.013578274760383386 0.0032906130931763078
0 0.2751597444089457 0.27268791132663667 0.010383386581469648 0.0032906130931763078
0 0.04193290734824281 0.3193626602009006 0.016773162939297124 0.0024246622791825427
0 0.09384984025559105 0.3138205749913405 0.018370607028753993 0.0017319016279875303
0 0.22364217252396165 0.2898337374437132 0.011182108626198083 0.0029442327675788015
0 0.9956070287539935 0.46744024939383444 0.011980830670926517 0.0034638032559750607
0 0.8574281150159744 0.5163664703844821 0.013578274760383386 0.0032906130931763078
0 0.8985623003194888 0.5201766539660547 0.012779552715654952 0.0032906130931763078
0 0.8726038338658146 0.5206096293730517 0.015175718849840255 0.003810183581572567
0 0.8087060702875399 0.5323865604433669 0.015175718849840255 0.0034638032559750607
0 0.6333865814696485 0.5506581226186352 0.01597444089456869 0.0025978524419812956
0 0.7348242811501597 0.5444232767578802 0.01597444089456869 0.0025978524419812956
0 0.15694888178913738 0.4695185313474195 0.010383386581469648 0.004502944232767579
0 0.1833067092651757 0.45349844128853484 0.00718849840255591 0.0032906130931763078
0 0.17971246006389777 0.46103221337028055 0.007987220447284345 0.0034638032559750607
0 1.1497603833865815 0.33772081745756843 0.00878594249201278 0.0031174229303775544
0 0.9277156549520766 0.3073259438863873 0.013578274760383386 0.0029442327675788015
0 1.1988817891373802 0.35971596813301004 0.009584664536741214 0.0031174229303775544
0 0.5766773162939297 0.762642881884309 0.14536741214057508 0.028229996536196744
0 0.612220447284345 0.5299618981641843 0.06309904153354633 0.005542085209560097
0 0.48003194888178913 0.5338586768271563 0.3258785942492013 0.004329754069968826
0 0.5615015974440895 0.44925528229996536 0.052715654952076675 0.004502944232767579
0 0.8119009584664536 0.28775545549012815 0.08386581469648562 0.00744717700034638
0 0.8266773162939297 0.28108763422237615 0.054313099041533544 0.005195704883962591
0 0.7943290734824281 0.15361967440249394 0.018370607028753993 0.00796674748874264
0 0.393370607028754 0.6780394873571182 0.28833865814696485 0.011084170419120194
0 0.420926517571885 0.6415829580879806 0.268370607028754 0.0067544163491513685
0 0.4956070287539936 0.5026844475233807 0.3266773162939297 0.004676134395566332
0 0.6098242811501597 0.5383616210599238 0.08865814696485623 0.005368895046761344
0 0.4768370607028754 0.4521129199861448 0.25559105431309903 0.006408036023553863
0 0.5722843450479232 0.38664703844821613 0.3698083067092652 0.005022514721163838
0 0.6373801916932907 0.33607551091098026 0.3274760383386581 0.026498094908209216
0 0.6573482428115016 0.3178905438171112 0.3274760383386581 0.02060962937305161
0 0.6908945686900958 0.2770176653966055 0.31150159744408945 0.02060962937305161
0 0.737220447284345 0.22627294769657083 0.22523961661341851 0.011257360581918948
0 0.5343450479233227 0.529442327675788 0.05750798722044728 0.004849324558365085
0 0.5251597444089456 0.646259092483547 0.04552715654952076 0.004329754069968826
0 0.5019968051118211 0.6763941808105299 0.07747603833865814 0.005022514721163838
0 0.4892172523961661 0.6860062348458608 0.09185303514376997 0.009352268791132663
0 0.36501597444089456 0.7090405264980949 0.231629392971246 0.005542085209560097
0 0.45846645367412137 0.7142362313820575 0.07348242811501597 0.006927606511950121
0 0.3761980830670926 0.7365777623830967 0.2971246006389776 0.004502944232767579
0 0.3777955271565495 0.7395219951506754 0.03354632587859425 0.0034638032559750607
0 0.4732428115015974 0.7424662279182542 0.11261980830670926 0.00796674748874264
0 0.33426517571884984 0.7718219605126428 0.30431309904153353 0.006408036023553863
0 0.45766773162939295 0.7772774506408037 0.052715654952076675 0.005195704883962591
0 0.6202076677316294 0.771388985105646 0.04552715654952076 0.013855213023900243
0 0.36062300319488816 0.8572913058538275 0.21964856230031948 0.003810183581572567
0 0.4500798722044728 0.8534811222722549 0.042332268370607024 0.004156563907170073
0 0.3638178913738019 0.9275199168687219 0.2388178913738019 0.013682022861101489
0 0.4512779552715655 0.9198129546241773 0.038338658146964855 0.004849324558365085
0 0.454073482428115 0.5556806373397991 0.2723642172523962 0.007100796674748874
0 0.7092651757188498 0.15881537928645653 0.20926517571884984 0.0034638032559750607
