0 0.8930322580645161 0.6191384950926936 0.012129032258064517 0.0056343147946201376
0 0.8205161290322581 0.7599054889131225 0.008 0.008360596146855689
0 0.7460645161290322 0.7754452926208651 0.012903225806451613 0.0059978189749182115
0 0.16412903225806452 0.3024354780079971 0.004129032258064516 0.0036350418029807343
0 0.1655483870967742 0.3099781897491821 0.004387096774193549 0.0027262813522355507
0 0.18580645161290324 0.015539803707742638 0.0030967741935483874 0.0034532897128316973
0 0.1903225806451613 0.016630316248636857 0.0033548387096774194 0.0034532897128316973
0 0.1696774193548387 0.042166484914576516 0.004903225806451613 0.0036350418029807343
0 0.1918709677419355 0.023446019629225736 0.005419354838709678 0.0025445292620865138
0 0.20103225806451613 0.026172300981461286 0.004645161290322581 0.0025445292620865138
0 0.21070967741935484 0.02917121046892039 0.005419354838709678 0.0027262813522355507
0 0.18012903225806454 0.023900399854598325 0.003612903225806452 0.0034532897128316973
0 0.1824516129032258 0.024627408215194473 0.003612903225806452 0.0034532897128316973
0 0.18374193548387097 0.02699018538713195 0.0030967741935483874 0.003089785532533624
0 0.24116129032258066 0.020719738276990186 0.005419354838709678 0.0029080334423845873
0 0.2438709677419355 0.017448200654307522 0.005161290322580645 0.0029080334423845873
0 0.22103225806451615 0.053162486368593234 0.003870967741935484 0.003816793893129771
0 0.1647741935483871 0.05452562704471101 0.003870967741935484 0.0036350418029807343
0 0.15845161290322582 0.060432569974554706 0.003612903225806452 0.003089785532533624
0 0.16245161290322582 0.05361686659396583 0.0033548387096774194 0.0029080334423845873
0 0.20400000000000001 0.06506724827335514 0.002838709677419355 0.003271537622682661
0 0.20619354838709678 0.06579425663395129 0.0030967741935483874 0.0029080334423845873
0 0.21251612903225808 0.06697564521992003 0.0033548387096774194 0.0027262813522355507
0 0.23148387096774195 0.18711377680843327 0.0030967741935483874 0.003089785532533624
0 0.867225806451613 0.6623046165030898 0.010580645161290323 0.0050890585241730275
0 0.7163870967741935 0.40921483097055616 0.006709677419354839 0.004180298073427844
0 0.24477419354838711 0.19574700109051252 0.0033548387096774194 0.003271537622682661
0 0.9181935483870968 0.2218284260268993 0.004129032258064516 0.0045438022537259174
0 0.9255483870967742 0.23146128680479824 0.011096774193548388 0.004180298073427844
0 0.928258064516129 0.22410032715376227 0.006193548387096775 0.006179571065067248
0 0.9243870967741936 0.22273718647764448 0.006193548387096775 0.006361323155216285
0 0.9107096774193548 0.22173754998182477 0.004129032258064516 0.0058160668847691745
0 0.9140645161290323 0.22264631043256997 0.004129032258064516 0.0054525627044711015
0 0.23690322580645162 0.19074881861141402 0.004645161290322581 0.0034532897128316973
0 0.24193548387096775 0.19474736459469283 0.002838709677419355 0.003089785532533624
0 0.3870967741935484 0.3456015994183933 0.0030967741935483874 0.0034532897128316973
0 0.3843870967741936 0.393765903307888 0.003870967741935484 0.0034532897128316973
0 0.37832258064516133 0.3570519810977826 0.0030967741935483874 0.0027262813522355507
0 0.37651612903225806 0.33460559796437656 0.0030967741935483874 0.0025445292620865138
0 0.38567741935483874 0.3824063976735732 0.0033548387096774194 0.0036350418029807343
0 0.37858064516129036 0.3885859687386405 0.0025806451612903226 0.0025445292620865138
0 0.27225806451612905 0.5496183206106869 0.004645161290322581 0.0036350418029807343
0 0.14129032258064517 0.6287713558705925 0.004903225806451613 0.0027262813522355507
0 0.22425806451612904 0.6865685205379861 0.005161290322580645 0.0034532897128316973
0 0.22683870967741937 0.6848418756815703 0.005161290322580645 0.003271537622682661
0 0.22864516129032258 0.6832969829153035 0.005161290322580645 0.003089785532533624
0 0.2510967741935484 0.6713013449654671 0.004645161290322581 0.0045438022537259174
0 0.2541935483870968 0.6702108324245728 0.00567741935483871 0.004907306434023991
0 0.26012903225806455 0.6683933115230825 0.005161290322580645 0.0045438022537259174
0 0.2903225806451613 0.6626681206833879 0.0030967741935483874 0.0050890585241730275
0 0.41122580645161294 0.69810977826245 0.005419354838709678 0.004725554343874954
0 0.583483870967742 0.5433478735005453 0.006193548387096775 0.0027262813522355507
0 0.5841290322580646 0.5411668484187568 0.007483870967741936 0.0034532897128316973
0 0.5854193548387097 0.5390766993820428 0.008 0.0036350418029807343
0 0.5427096774193548 0.6704834605597964 0.009290322580645162 0.0021810250817884402
0 0.5429677419354839 0.6971101417666303 0.0025806451612903226 0.004180298073427844
0 0.27561290322580645 0.272446383133406 0.003612903225806452 0.0036350418029807343
0 0.2852903225806452 0.2774445656125045 0.003870967741935484 0.0034532897128316973
0 0.28361290322580646 0.2712649945474373 0.0030967741935483874 0.003816793893129771
0 0.3824516129032258 0.35768811341330425 0.002064516129032258 0.0025445292620865138
0 0.3878709677419355 0.3619592875318066 0.0025806451612903226 0.003089785532533624
0 0.3696774193548387 0.3491457651762995 0.0033548387096774194 0.0050890585241730275
0 0.38748387096774195 0.35723373318793167 0.002838709677419355 0.0027262813522355507
0 0.1621935483870968 0.3059796437659033 0.004387096774193549 0.003089785532533624
0 0.11174193548387097 0.33587786259541985 0.004645161290322581 0.0025445292620865138
0 0.12516129032258064 0.33515085423482366 0.00567741935483871 0.0029080334423845873
0 0.1007741935483871 0.34151217739004 0.003870967741935484 0.0018175209014903672
0 0.10541935483870968 0.34033078880407125 0.004903225806451613 0.002362777171937477
0 0.08219354838709678 0.284714649218466 0.004387096774193549 0.0034532897128316973
0 0.08890322580645162 0.2861686659396583 0.0033548387096774194 0.0034532897128316973
0 0.013548387096774195 0.33515085423482366 0.005419354838709678 0.0025445292620865138
0 0.03032258064516129 0.3293347873500545 0.0059354838709677425 0.0018175209014903672
0 0.07225806451612904 0.3041621228644129 0.003612903225806452 0.003089785532533624
0 0.32167741935483873 0.49054889131225005 0.003870967741935484 0.0036350418029807343
0 0.27703225806451615 0.541893856779353 0.004387096774193549 0.0034532897128316973
0 0.2903225806451613 0.5458924027626317 0.004129032258064516 0.0034532897128316973
0 0.28193548387096773 0.5463467829880043 0.004903225806451613 0.003998545983278807
0 0.26129032258064516 0.5587059251181389 0.004903225806451613 0.0036350418029807343
0 0.2046451612903226 0.5778807706288622 0.005161290322580645 0.0027262813522355507
0 0.23741935483870968 0.5713376953834969 0.005161290322580645 0.0027262813522355507
0 0.050709677419354844 0.4927299163940385 0.0033548387096774194 0.004725554343874954
0 0.059225806451612906 0.4759178480552526 0.0023225806451612906 0.0034532897128316973
0 0.05806451612903226 0.4838240639767357 0.0025806451612903226 0.0036350418029807343
0 0.37148387096774194 0.3544165757906216 0.002838709677419355 0.003271537622682661
0 0.29974193548387096 0.32251908396946566 0.004387096774193549 0.003089785532533624
0 0.38735483870967746 0.3774990912395492 0.0030967741935483874 0.003271537622682661
